0	0
0.05	2.07549e-06
0.1	3.4359e-06
0.15	4.28036e-06
0.2	4.93084e-06
0.25	5.4767e-06
0.3	5.93752e-06
0.35	6.35138e-06
0.4	6.72291e-06
0.45	7.09264e-06
0.5	7.4141e-06
0.55	7.73703e-06
0.6	8.05951e-06
0.65	8.36228e-06
0.7	8.64954e-06
0.75	8.92494e-06
0.8	9.21364e-06
0.85	9.48721e-06
0.9	9.74382e-06
0.95	9.99044e-06
1	1.02266e-05
1.05	1.04688e-05
1.1	1.06833e-05
1.15	1.08881e-05
1.2	1.11005e-05
1.25	1.13121e-05
1.3	1.1498e-05
1.35	1.16752e-05
1.4	1.18537e-05
1.45	1.20335e-05
1.5	1.22152e-05
1.55	1.24196e-05
1.6	1.26148e-05
1.65	1.28116e-05
1.7	1.30288e-05
1.75	1.32323e-05
1.8	1.34088e-05
1.85	1.35716e-05
1.9	1.37369e-05
1.95	1.39075e-05
2	1.40778e-05
2.05	1.42413e-05
2.1	1.44151e-05
2.15	1.4579e-05
2.2	1.47462e-05
2.25	1.49009e-05
2.3	1.5039e-05
2.35	1.51804e-05
2.4	1.5302e-05
2.45	1.54263e-05
2.5	1.55614e-05
2.55	1.56896e-05
2.6	1.58127e-05
2.65	1.59536e-05
2.7	1.60707e-05
2.75	1.61943e-05
2.8	1.63202e-05
2.85	1.64579e-05
2.9	1.65965e-05
2.95	1.67295e-05
3	1.6856e-05
3.05	1.69774e-05
3.1	1.71056e-05
3.15	1.723e-05
3.2	1.73563e-05
3.25	1.74843e-05
3.3	1.76065e-05
3.35	1.77303e-05
3.4	1.78639e-05
3.45	1.79935e-05
3.5	1.81106e-05
3.55	1.82215e-05
3.6	1.83254e-05
3.65	1.84347e-05
3.7	1.85431e-05
3.75	1.86618e-05
3.8	1.87781e-05
3.85	1.88949e-05
3.9	1.90057e-05
3.95	1.91156e-05
4	1.92301e-05
4.05	1.93324e-05
4.1	1.9431e-05
4.15	1.95456e-05
4.2	1.96545e-05
4.25	1.9757e-05
4.3	1.98541e-05
4.35	1.99525e-05
4.4	2.00416e-05
4.45	2.01379e-05
4.5	2.02282e-05
4.55	2.03226e-05
4.6	2.04196e-05
4.65	2.05102e-05
4.7	2.06025e-05
4.75	2.06976e-05
4.8	2.07984e-05
4.85	2.08986e-05
4.9	2.09927e-05
4.95	2.10853e-05
5	2.11797e-05
5.05	2.12657e-05
5.1	2.13608e-05
5.15	2.14517e-05
5.2	2.15577e-05
5.25	2.16469e-05
5.3	2.173e-05
5.35	2.18061e-05
5.4	2.18846e-05
5.45	2.19801e-05
5.5	2.20791e-05
5.55	2.21699e-05
5.6	2.22432e-05
5.65	2.2327e-05
5.7	2.24059e-05
5.75	2.24694e-05
5.8	2.25544e-05
5.85	2.26531e-05
5.9	2.27369e-05
5.95	2.28279e-05
6	2.29141e-05
6.05	2.29917e-05
6.1	2.30823e-05
6.15	2.31631e-05
6.2	2.32557e-05
6.25	2.33669e-05
6.3	2.34614e-05
6.35	2.35432e-05
6.4	2.36356e-05
6.45	2.37286e-05
6.5	2.38236e-05
6.55	2.39172e-05
6.6	2.40186e-05
6.65	2.41255e-05
6.7	2.42096e-05
6.75	2.42901e-05
6.8	2.4371e-05
6.85	2.44495e-05
6.9	2.45503e-05
6.95	2.46409e-05
7	2.47399e-05
7.05	2.48393e-05
7.1	2.49328e-05
7.15	2.50199e-05
7.2	2.51117e-05
7.25	2.51961e-05
7.3	2.52796e-05
7.35	2.53652e-05
7.4	2.54433e-05
7.45	2.55133e-05
7.5	2.5585e-05
7.55	2.56617e-05
7.6	2.57377e-05
7.65	2.58143e-05
7.7	2.58875e-05
7.75	2.59555e-05
7.8	2.60268e-05
7.85	2.6108e-05
7.9	2.61912e-05
7.95	2.6275e-05
8	2.63499e-05
8.05	2.64212e-05
8.1	2.64936e-05
8.15	2.65634e-05
8.2	2.66497e-05
8.25	2.67347e-05
8.3	2.68086e-05
8.35	2.68823e-05
8.4	2.69526e-05
8.45	2.70166e-05
8.5	2.70776e-05
8.55	2.7131e-05
8.6	2.72038e-05
8.65	2.72687e-05
8.7	2.73395e-05
8.75	2.74137e-05
8.8	2.748e-05
8.85	2.754e-05
8.9	2.76024e-05
8.95	2.76703e-05
9	2.77418e-05
9.05	2.78089e-05
9.1	2.78765e-05
9.15	2.79336e-05
9.2	2.79861e-05
9.25	2.8048e-05
9.3	2.8105e-05
9.35	2.81694e-05
9.4	2.82209e-05
9.45	2.82782e-05
9.5	2.83385e-05
9.55	2.84053e-05
9.6	2.84751e-05
9.65	2.85263e-05
9.7	2.86002e-05
9.75	2.86682e-05
9.8	2.87263e-05
9.85	2.87921e-05
9.9	2.88509e-05
9.95	2.89284e-05
10	2.90022e-05
10.05	2.90598e-05
10.1	2.91278e-05
10.15	2.92019e-05
10.2	2.92653e-05
10.25	2.933e-05
10.3	2.93781e-05
10.35	2.94392e-05
10.4	2.95051e-05
10.45	2.95634e-05
10.5	2.96259e-05
10.55	2.96918e-05
10.6	2.97443e-05
10.65	2.97949e-05
10.7	2.98373e-05
10.75	2.9891e-05
10.8	2.99404e-05
10.85	2.99954e-05
10.9	3.00561e-05
10.95	3.01154e-05
11	3.01697e-05
11.05	3.02277e-05
11.1	3.02814e-05
11.15	3.03417e-05
11.2	3.04058e-05
11.25	3.04592e-05
11.3	3.05122e-05
11.35	3.05588e-05
11.4	3.06296e-05
11.45	3.06727e-05
11.5	3.07111e-05
11.55	3.07623e-05
11.6	3.08128e-05
11.65	3.08649e-05
11.7	3.09121e-05
11.75	3.09566e-05
11.8	3.10151e-05
11.85	3.1072e-05
11.9	3.11311e-05
11.95	3.11783e-05
12	3.12204e-05
12.05	3.12769e-05
12.1	3.13254e-05
12.15	3.13659e-05
12.2	3.14025e-05
12.25	3.14515e-05
12.3	3.14992e-05
12.35	3.15345e-05
12.4	3.15689e-05
12.45	3.16118e-05
