0	0
0.1	0
0.2	0
0.3	0
0.4	0
0.5	0
0.6	0
0.7	0
0.8	0
0.9	0
1	0
1.1	0
1.2	0
1.3	0
1.4	0
1.5	0
1.6	0
1.7	0
1.8	0
1.9	0
2	0
2.1	0
2.2	0
2.3	0
2.4	0
2.5	0
2.6	0
2.7	0
2.8	0
2.9	0
3	0
3.1	0.000228077
3.2	0.0128602
3.3	0.14985
3.4	0.681599
3.5	1.60394
3.6	2.46312
3.7	2.91908
3.8	2.9172
3.9	2.67081
4	2.32042
4.1	1.9709
4.2	1.6531
4.3	1.39333
4.4	1.19483
4.5	1.03811
4.6	0.90816
4.7	0.814877
4.8	0.738416
4.9	0.680414
5	0.640806
5.1	0.612738
5.2	0.594717
5.3	0.587762
5.4	0.588108
5.5	0.600631
5.6	0.617713
5.7	0.648821
5.8	0.684181
5.9	0.727026
6	0.779686
6.1	0.842114
6.2	0.909688
6.3	0.968214
6.4	1.0304
6.5	1.08874
6.6	1.13456
6.7	1.17982
6.8	1.21293
6.9	1.24187
7	1.26295
7.1	1.27437
7.2	1.27316
7.3	1.25872
7.4	1.23528
7.5	1.19797
7.6	1.15
7.7	1.1021
7.8	1.05528
7.9	1.01185
8	0.967844
8.1	0.929824
8.2	0.897946
8.3	0.8716
8.4	0.851103
8.5	0.840562
8.6	0.833656
8.7	0.836298
8.8	0.840585
8.9	0.853815
9	0.871291
9.1	0.889027
9.2	0.914562
9.3	0.94121
9.4	0.967904
9.5	0.992445
9.6	1.01987
9.7	1.04351
9.8	1.06095
9.9	1.07807
10	1.08998
10.1	1.09618
10.2	1.10107
10.3	1.09893
10.4	1.09294
10.5	1.08793
10.6	1.07974
10.7	1.06381
10.8	1.05313
10.9	1.03712
11	1.02136
11.1	1.00703
11.2	0.992197
11.3	0.978955
11.4	0.965825
11.5	0.956439
11.6	0.949102
11.7	0.939535
11.8	0.938498
11.9	0.934562
12	0.937404
12.1	0.941581
12.2	0.946614
12.3	0.953637
12.4	0.962969
12.5	0.972593
12.6	0.984579
12.7	0.992797
12.8	1.00483
12.9	1.01334
13	1.0221
13.1	1.03015
13.2	1.03658
13.3	1.03975
13.4	1.04207
13.5	1.04115
13.6	1.04038
13.7	1.03898
13.8	1.03487
13.9	1.02934
14	1.02362
14.1	1.01506
14.2	1.01229
14.3	1.00334
14.4	0.996581
14.5	0.991187
14.6	0.987176
14.7	0.981211
14.8	0.977804
14.9	0.97605
15	0.973088
15.1	0.972987
15.2	0.972735
15.3	0.973626
15.4	0.976395
15.5	0.979627
15.6	0.98414
15.7	0.988906
15.8	0.991822
15.9	0.996507
16	1.00052
16.1	1.00425
16.2	1.0083
16.3	1.012
16.4	1.01424
16.5	1.01658
16.6	1.01775
16.7	1.01787
16.8	1.01875
16.9	1.01757
17	1.01715
17.1	1.01445
17.2	1.0114
17.3	1.00925
17.4	1.00563
17.5	1.00226
17.6	0.999585
17.7	0.996854
17.8	0.993679
17.9	0.990996
18	0.98965
18.1	0.988913
