0	0.822578
0.05	0.247265
0.1	-0.0901814
0.15	-0.0478824
0.2	-0.0285845
0.25	-0.0236721
0.3	-0.013045
0.35	-0.00811731
0.4	-0.00620327
0.45	-0.00367296
0.5	-0.00231128
0.55	-0.00162357
0.6	-0.0011384
0.65	-0.00122558
0.7	-0.000891427
0.75	-0.000101918
0.8	0.000267791
0.85	0.000559827
0.9	8.96855e-05
0.95	0.000266132
1	-0.000793691
1.05	-0.00105536
1.1	-8.8597e-05
1.15	-0.00106809
1.2	-0.000406455
1.25	-9.48566e-05
1.3	-0.000725174
1.35	-0.00147296
1.4	-0.000850416
1.45	-0.000171133
1.5	-0.00141422
1.55	-0.000474216
1.6	0.00154122
1.65	0.00206334
1.7	0.00195608
1.75	0.000159665
1.8	-0.00106019
1.85	-0.00120547
1.9	0.00034025
1.95	6.95809e-05
2	-5.30426e-05
2.05	-0.000984435
2.1	-0.00080568
2.15	-0.000941759
2.2	-0.0010308
2.25	0.00023573
2.3	0.00120671
2.35	0.00083501
2.4	0.00059751
2.45	0.00035226
2.5	0.00108382
2.55	0.000865261
2.6	-0.00240588
2.65	-0.00163225
2.7	-7.97406e-05
2.75	-0.00074787
2.8	-0.001809
2.85	-0.00136477
2.9	-2.48807e-05
2.95	0.00155239
3	0.00108686
3.05	-0.000745864
3.1	-0.000826047
3.15	-0.000508514
3.2	-0.000359731
3.25	0.000371282
3.3	0.000338101
3.35	-0.000713985
3.4	-0.000874096
3.45	0.000741396
3.5	0.000609419
3.55	-0.0011289
3.6	-0.000826295
3.65	0.000101977
3.7	-0.00082642
3.75	0.000222637
3.8	0.000379678
3.85	-0.000494706
3.9	-0.000853564
3.95	-0.0010269
4	-0.000130435
4.05	-5.12301e-05
4.1	-0.000388108
4.15	-0.000371078
4.2	0.000552949
4.25	0.000783214
4.3	0.000247554
4.35	-0.00025782
4.4	-0.000149012
4.45	-0.000806878
4.5	-0.00125571
4.55	0.000606099
4.6	0.00155447
4.65	0.00068707
4.7	5.18602e-05
4.75	-4.045e-05
4.8	-0.000241637
4.85	0.00103621
4.9	0.000565957
4.95	-0.00109514
5	-0.00137228
5.05	1.20205e-05
5.1	0.00121566
5.15	0.00112082
5.2	0.000801988
5.25	-0.000136467
5.3	-0.000195844
5.35	0.000525976
5.4	0.000373201
5.45	-0.000548959
5.5	-0.000744751
5.55	-8.26024e-05
5.6	-0.000386666
5.65	-6.64103e-05
5.7	0.00106897
5.75	0.000868
5.8	0.000310104
5.85	0.000692884
5.9	0.000734695
5.95	0.000815803
6	0.000261443
6.05	-6.14365e-05
6.1	-0.000592291
6.15	3.42668e-06
6.2	0.000479089
6.25	-5.97004e-05
6.3	-0.000133301
6.35	0.000526033
6.4	0.000825059
6.45	-6.59014e-05
6.5	-0.000135705
6.55	0.000470682
6.6	0.000877257
6.65	0.000135938
6.7	-0.00027699
6.75	-0.000808163
6.8	-0.000129128
6.85	-0.000482178
6.9	-0.000727926
6.95	3.77494e-05
7	-7.30117e-05
7.05	-0.000438319
7.1	0.000207163
7.15	-0.00037085
7.2	-0.00063373
7.25	0.000327993
7.3	0.00057595
7.35	4.1952e-06
7.4	0.000421172
7.45	0.000775048
7.5	-0.0006816
7.55	-0.00105335
7.6	-0.00125772
7.65	-0.000626845
7.7	0.000508428
7.75	0.000111838
7.8	-0.000873706
7.85	0.000431694
7.9	0.000247415
7.95	0.000225167
8	0.000784944
8.05	0.000602172
8.1	0.000800955
8.15	0.000242476
8.2	-0.000952218
8.25	-0.00119063
8.3	-0.00151172
8.35	-0.000622731
8.4	-5.05778e-05
8.45	0.000789865
8.5	0.000355032
8.55	-0.00130111
8.6	-0.000499634
8.65	7.14558e-06
8.7	-0.00059997
8.75	-0.000870544
8.8	-0.000183573
8.85	-0.000261089
8.9	0.000923586
8.95	0.000828858
9	6.5658e-06
9.05	0.000117065
9.1	-0.000187438
9.15	-0.000225894
9.2	-0.000536095
9.25	-0.00120805
9.3	-0.00110892
9.35	-0.000850957
9.4	0.00024645
9.45	0.000585047
9.5	-0.000106937
9.55	-0.000603484
9.6	-0.000429261
9.65	-0.000444152
9.7	0.000163921
9.75	0.000692263
9.8	0.000370109
9.85	-9.16869e-05
9.9	-0.000248695
9.95	0.000416844
10	7.19099e-05
10.05	-0.000115777
10.1	0.000112891
10.15	-0.000236946
10.2	-0.000172205
10.25	0.000232033
10.3	0.000411252
10.35	-0.000174279
10.4	0.000740474
10.45	0.00027526
10.5	-8.00455e-05
10.55	0.000522521
10.6	0.000284485
10.65	-3.6269e-06
10.7	0.000330634
10.75	4.45602e-05
10.8	-0.000254395
10.85	0.000177646
10.9	0.000507357
10.95	0.000163211
11	-0.00035171
11.05	-0.000655714
11.1	-0.00045947
11.15	7.42159e-05
11.2	-7.44386e-05
11.25	-0.000142985
11.3	0.000121036
11.35	0.00118211
11.4	0.00123093
11.45	0.000983796
11.5	6.83405e-05
11.55	-0.000347354
11.6	0.000242821
11.65	0.000357145
11.7	0.000649473
11.75	4.32013e-05
11.8	-0.000147388
11.85	-0.00011328
11.9	0.00044089
11.95	0.00074635
12	0.000198312
12.05	-0.000237861
12.1	-0.00087172
12.15	-0.00077227
12.2	0.000399371
12.25	0.000813275
12.3	0.000822138
12.35	0.00103485
12.4	8.69648e-05
12.45	0.000386281
